851458
852202
851458
852864
851458
856817
851458
852302
851458
855669
851458
853803
851458
854957
850966
851458
855836
851458
851458
851216
851458
852361
851458
852062
851458
856817
852864
851458
851458
852202
851458
852864
851458
856817
852864
851458
851458
856817
855906
851458
851418
851458
851458
854904
851458
854391
851458
855687
851458
856859
851458
855676
851458
854488
851458
852826
851458
850973
851458
856681
851458
852879
851458
850728
851458
853536
851458
855337
851458
852586
851458
851714
851458
855891
851458
851686
851458
852951
851458
856740
851458
854142
851458
854851
851458
852709
851458
854734
851458
853453
851458
850943
851458
856313
851458
852740
851458
853319
851458
852469
851458
851418
851458
851918
851458
856715
851458
855787
851458
853241
851458
852980
851458
855906
851458
852557
851458
856856
851458
854373
851458
850513
851458
854995
851458
852864
851458
856817
850943
851458
854373
851458
855787
851458
855676
851458
855687
851458
852879
851458
854904
851458
856313
851458
852951
851458
852826
851458
856715
851458
856859
851458
855337
851458
851686
851458
850513
851458
854488
851458
852864
851458
854851
851458
852980
851458
853536
851458
853241
851458
852709
851458
851714
851458
850728
851458
856817
851458
854391
851458
856740
851458
856856
851458
850973
851458
852740
851458
854734
851458
852469
851458
854995
851458
856681
851458
855891
851458
852586
851458
851918
851458
853453
851458
854142
851458
852557
851458
853319
851458
853497
851458
851458
853497
853497
851458
851458
851458
851458
855522
851458
854335
851436
851458
853102
851458
856384
851458
856454
851458
853288
851458
853975
851458
854871
851458
853994
851458
854335
851458
852468
851458
856394
851458
856394
851458
856394
851458
856530
851458
851458
852864
851458
853782
854418
851458
856490
851458
851244
851458
851458
852724
851898
851458
852124
851458
856737
851458
856893
851458
852915
851458
856454
851458
856529
851458
854745
851458
854644
851458
853702
851458
851004
851458
854871
851458
855573
851458
855804
851458
854142
851458
854038
851458
853994
851458
856191
851458
851458
850713
851458
854142
851458
850973
851458
854113
851458
851458
851458
851458
851458
851458
856422
851458
856607
851458
850554
851458
854284
851458
850314
851458
852755
851458
851458
851458
852372
851458
852407
851458
852560
851458
851342
851458
851458
852462
851458
852586
851458
851327
851458
851686
851458
851804
851458
851819
851458
851975
851458
851996
851458
852050
851458
852090
851458
856811
851458
856817
851458
856847
851458
856895
851458
850580
851458
852763
851458
852799
851458
852826
851458
852864
851458
852879
851458
852915
851458
852993
851458
853061
851458
853114
851458
854819
851458
854851
851458
853319
851458
853338
851458
853384
851458
853536
851458
853628
851458
853812
851458
853890
851458
850646
851458
850754
851458
850966
851458
851010
851458
851017
851458
851034
851458
851100
851458
851102
851458
854928
851458
854904
851458
855082
851458
855241
851458
855315
851458
855337
851458
855581
851458
855643
851458
855661
851458
855676
851458
855687
851458
855755
851458
855787
851458
854037
851458
854142
851458
854161
851458
854168
851458
854391
851458
854394
851458
854488
851458
855832
851458
855998
851458
856019
851458
856052
851458
856237
851686
851458
851714
851458
851770
851458
851870
851458
851886
851458
851975
851458
852050
851458
852090
851458
856675
851458
856681
851458
856740
851458
856817
851458
856847
851458
856895
851458
856901
851458
850612
851458
852740
851458
852785
851458
852826
851458
852864
851458
852879
851458
852915
851458
853017
851458
853061
851458
853114
851458
856398
851458
853384
851458
853520
851458
853866
851458
853890
851458
850694
851458
850966
851458
850973
851458
851017
851458
851095
851458
851100
851458
851102
851458
854904
851458
855241
851458
855485
851458
855676
851458
855687
851458
855771
851458
855787
851458
854034
851458
854142
851458
854161
851458
854391
851458
854407
851458
854488
851458
854504
851458
855832
851458
855843
851458
856008
851458
856019
851458
856052
851458
854038
851458
854335
851458
851458
854335
854038
851458
855661
851458
854309
851458
850554
851458
853418
851458
850728
851458
852462
851458
851542
851458
851458
856817
851458
852864
851458
854335
851458
854038
851458
851335
851458
851641
851458
851156
851458
852826
851458
853201
851458
852864
851458
856817
851641
851458
853870
851458
851210
851458
853319
851458
853201
851458
854391
851458
851156
851458
853890
851458
852826
851458
854918
851458
851591
851458
851335
851458
856817
851458
852864
851458
850973
851458
851458
854918
851458
853319
851458
851210
851458
854391
851458
850973
851458
853870
851458
853890
851458
851591
851458
852462
851458
850774
851458
850972
851458
851241
851458
855676
851458
855687
851458
852857
851458
850376
851458
853589
851458
851264
851458
851226
851458
856669
856669
851458
856403
851458
853589
851458
854276
851458
853916
851458
856739
851458
850376
851458
851226
851458
851819
851458
852462
851458
854150
851458
851222
851458
850774
851458
852096
851458
850972
851458
855337
851458
854126
851458
852530
851458
854142
851458
852532
851458
851241
851458
852547
851458
851686
851458
856477
851458
852857
851458
855676
851458
855687
851458
853490
851458
853453
851458
852106
851458
853522
851458
851264
851458
854772
851458
855678
851458
851458
855337
851458
851686
851458
854150
851458
854276
851458
856739
851458
852547
851458
853522
851458
853490
851458
852530
851458
851819
851458
855678
851458
854126
851458
852532
851458
853453
851458
854772
851458
854142
851458
853916
851458
856403
851458
852106
851458
852096
851458
856477
851458
851222
851458
850973
851458
854168
851458
854335
851458
854038
852997
851458
852998
851458
852405
851458
851458
852405
854335
851458
854038
851458
851458
854335
851458
854038
852864
851458
851458
856718
851458
852361
854777
851458
851458
851707
851458
854087
855242
851458
851458
855637
851458
855337
852462
851458
851458
853453
856056
851458
851458
854142
852879
851458
855687
851458
855676
851458
854904
851458
851458
850728
851458
852803
851458
851458
851458
850973
851458
851458
851458
854168
853077
851458
852864
851458
851458
852864
851458
856817
856817
851458
851458
852864
851458
851458
851458
856817
851458
852864
851458
856817
853536
851458
853866
851458
853741
851458
853870
851458
850654
851458
850728
851458
850943
851458
850966
851458
851083
851458
854995
851458
855315
851458
855687
851458
855676
851458
855669
851458
855661
851458
855787
851458
854150
851458
854142
851458
854073
851458
854391
851458
855945
851458
851458
851458
850973
851458
852864
851458
856817
851458
856817
851458
851458
852864
850633
851458
851458
854168
853318
851458
853191
851458
856821
851458
851458
851458
851458
852460
851458
851458
851458
852864
851458
852864
852864
851458
851458
852864
851458
851458
856054
851458
854500
851458
856511
851458
852469
851458
856681
851458
850519
851458
850943
851458
851997
851458
852709
851458
852023
851458
853256
851458
853581
851458
854997
851458
850973
851458
851788
851458
853061
851458
853536
851458
852763
851458
855552
851458
856817
851458
856669
851458
856859
851458
850612
851458
852826
851458
852556
851458
850505
851458
854142
851458
854236
851458
856354
851458
853453
851458
856056
851458
851714
851458
850728
851458
850966
851458
854904
851458
855687
851458
853319
851458
854391
851458
851458
850713
851458
855928
851458
853870
851458
854235
851458
852951
851458
850745
851458
856358
851458
853747
851458
852173
851458
854499
851458
852324
851458
856050
851458
852403
851458
854488
851458
854851
851458
852003
851458
852834
851458
853456
851458
856218
851458
854119
851458
854544
851458
852434
851458
852434
851458
854335
855512
851458
851458
851458
851458
854038
851458
854168
850633
851458
852915
851458
852915
851458
852915
851458
852915
851458
851458
856354
851458
854201
851458
854335
855459
851458
856155
851458
850633
851458
851789
851458
856695
851458
856677
851458
852780
851458
856518
851458
853445
851458
853340
851458
855177
851458
854229
851458
855884
851458
856306
851458
851458
852862
851458
853016
851458
854765
851458
854289
851458
854428
852207
851458
852305
851458
851458
852399
851458
856811
851458
856817
851458
852864
851458
854660
851458
850993
851458
855355
851458
855644
851458
854090
852061
851458
856817
851458
856846
851458
1466402
851458
852864
851458
851086
851458
854903
851458
855644
851458
856068
851458
855973
851458
855920
851458
852239
851458
852372
851458
852385
851458
852421
851458
852465
851458
852512
851458
852556
851458
851771
851458
851824
851458
851833
851458
851886
851458
852047
851458
852079
851458
852109
851458
852144
851458
856890
851458
856891
851458
856901
851458
850505
851458
850504
851458
850555
851458
850611
851458
850612
851458
852873
851458
852806
851458
852612
851458
852973
851458
852990
851458
853017
851458
853082
851458
853112
851458
853168
851458
856398
851458
856470
851458
854813
851458
854748
851458
854664
851458
854840
851458
853355
851458
853503
851458
853520
851458
853555
851458
853702
851458
853681
851458
853942
851458
850691
851458
850694
851458
850713
851458
850749
851458
850767
851458
850944
851458
850973
851458
850981
851458
851095
851458
851161
851458
854938
851458
854898
851458
854866
851458
854913
851458
855237
851458
855342
851458
855690
851458
855599
851458
855571
851458
855540
851458
855505
851458
855760
851458
855779
851458
854157
851458
854119
851458
854056
851458
854213
851458
854284
851458
854345
851458
854353
851458
854407
851458
854504
851458
854544
851458
856029
851458
856022
851458
856020
851458
856011
851458
855943
851458
855843
851458
855833
851458
856218
851458
856220
851458
856223
851458
856264
851458
856312
851458
856313
851458
851458
852317
851458
852407
851458
852418
851458
852421
851458
852457
851458
852556
851458
851763
851458
851770
851458
851822
851458
851827
851458
851833
851458
851886
851458
852047
851458
856830
851458
856891
851458
856901
851458
850505
851458
850554
851458
850611
851458
850612
851458
852834
851458
852806
851458
852789
851458
852740
851458
853017
851458
853082
851458
856398
851458
856597
851458
854813
851458
853364
851458
853531
851458
853539
851458
853712
851458
853638
851458
853942
851458
850656
851458
850767
851458
850790
851458
850973
851458
851161
851458
854985
851458
854933
851458
854898
851458
854866
851458
854913
851458
855204
851458
855237
851458
855342
851458
855690
851458
854423
851458
854433
851458
854544
851458
856097
851458
856029
851458
856011
851458
855911
851458
855843
851458
856203
851458
856311
852211
851458
852302
851458
852397
851458
852471
851458
852586
851458
2732686
851458
850359
851458
851458
852254
851458
852462
851458
852586
851458
850451
851458
851819
851458
851996
851458
852088
851458
852090
851458
856778
851458
856847
851458
852879
851458
852826
851458
852799
851458
852795
851458
852763
851458
852661
851458
852915
851458
853061
851458
853114
851458
854725
851458
854710
851458
854851
851458
853423
851458
853319
851458
853546
851458
853628
851458
853890
851458
850646
851458
850728
851458
850737
851458
850754
851458
850890
851458
850943
851458
850966
851458
851034
851458
854904
851458
855082
851458
855305
851458
855315
851458
855337
851458
855687
851458
855676
851458
855661
851458
855586
851458
855566
851458
855755
851458
855787
851458
854153
851458
854142
851458
854168
851458
854236
851458
854391
851458
854488
851458
856056
851458
856019
851458
855991
851767
851458
851846
851458
851948
851458
852081
851458
852090
851458
852095
851458
856681
851458
856668
851458
856740
851458
856859
851458
856895
851458
852879
851458
852826
851458
852785
851458
852763
851458
852661
851458
852915
851458
853061
851458
1466528
851458
856457
851458
856516
851458
854785
851458
854734
851458
854851
851458
853453
851458
853342
851458
853319
851458
853256
851458
853500
851458
853628
851458
853890
851458
850728
851458
850754
851458
850898
851458
850943
851458
850966
851458
851051
851458
854904
851458
855241
851458
855337
851458
855687
851458
855676
851458
855661
851458
855506
851458
855485
851458
855478
851458
855469
851458
855441
851458
855386
851458
855787
851458
854153
851458
854142
851458
854181
851458
854200
851458
854236
851458
854391
851458
854488
851458
854516
851458
856078
851458
856056
851458
856050
851458
856036
851458
856008
851458
855832
851458
856241
851458
1466523
851458
855355
851458
851771
851458
851413
851458
856320
851458
851171
851458
851413
851458
852990
851458
851394
851458
851458
30008
851458
10551
851458
813
851458
114897
854373
851458
855342
851458
854192
851458
850351
851458
856595
851458
855687
851458
855676
851458
855586
851458
854252
851458
854335
851458
854391
851458
855832
851458
850612
851458
852740
851458
853090
851458
854778
851458
853319
851458
850921
851458
851181
851458
854909
851458
855394
851458
855943
851458
853671
851458
855646
851458
855394
851458
854163
851458
853201
851458
854997
851458
