107049
109544
109544
117168
111477
109544
116120
109544
107140
109544
108473
109544
117172
109544
109304
109544
114368
109544
248286
109544
248286
109544
110572
109544
110572
109544
109544
124000
109544
110249
117168
109544
115737
109544
109544
108390
109544
108497
109544
113164
111929
109544
114547
109544
109544
114547
109920
109544
109569
109544
109534
109544
107506
109544
109544
109552
109544
111493
109544
110743
115301
109544
109544
114908
109544
114907
107049
109544
114908
109544
114907
109544
107049
109544
114908
109544
114907
109544
111597
109544
119922
109544
107129
109544
113010
109544
114906
109544
112986
109544
109544
114906
110119
109544
109068
109544
115563
109544
115563
109544
115563
109544
109530
109544
107049
109544
107049
109544
111105
109544
109119
109544
111105
109544
107424
109544
107424
109544
114593
109544
109425
109544
110308
109544
107049
109544
114166
109544
116452
109544
117487
109544
119018
109544
116413
109544
118896
109544
123818
109544
123818
109544
108276
109544
110592
109544
109544
113258
122136
109544
108403
109544
107506
109544
115563
109544
108403
109544
115563
109544
112530
109544
107421
109544
109544
107067
109544
107454
107067
109544
107454
109544
123835
109544
113895
109544
113895
109544
109544
107049
110384
109544
109816
109544
109816
109544
107487
109544
115563
109544
109544
107506
109544
107506
108403
109544
109425
109544
123245
109544
109552
109544
111831
109544
123213
109544
108473
109544
108473
109544
115563
109544
115563
109544
109544
115563
108552
109544
109544
107506
108389
109544
109544
108389
131884
109544
115563
109544
110101
109544
107621
109544
109544
109314
128178
109544
107358
109544
119986
109544
110455
109544
112954
109544
119902
109544
115563
109544
115563
109544
114907
109544
110358
109544
114023
109544
113185
109544
109544
113185
116168
109544
119325
109544
109389
109544
107049
109544
109544
107083
109544
106543
109544
107083
109544
106543
109367
109544
109368
109544
109370
109544
109371
109544
109372
109544
971788
109544
971788
109544
971788
109544
111657
109544
111585
109544
111929
109544
109544
113010
109544
107049
110308
109544
113269
109544
202416
109544
64283
109544
592058
109544
115563
109544
113826
109544
106901
109544
106902
109544
106902
109544
106901
109544
115563
109544
113837
109544
112217
109544
115563
109544
115563
109544
114908
109544
114908
109544
121134
109544
108389
109544
107506
109544
107506
109544
114995
109544
117646
109544
117168
109544
115563
109544
109533
109544
113192
109544
113192
109544
111495
109544
111493
109544
111495
109544
111656
109544
114030
109544
114029
109544
112506
109544
114028
109544
113743
109544
114031
109544
107452
109544
114032
109544
116183
109544
116176
109544
119920
109544
120937
109544
110815
109544
110338
109544
109544
107506
109544
107506
115563
109544
111510
109544
108237
109544
114995
109544
119365
109544
107049
109544
112347
109544
116298
109544
109954
109544
115575
109544
119575
109544
117248
109544
109540
109544
106848
109544
125700
109544
125700
109544
107049
109544
107049
109544
122084
109544
107049
109544
114907
109544
106710
109544
123817
109544
109314
109544
109544
107282
109544
107279
107282
109544
107279
109544
107282
109544
123047
109544
109848
109544
107315
109544
124390
109544
109142
109544
111314
109544
112361
109544
107788
109544
108374
109544
107587
109544
112506
109544
116973
109544
116973
109544
110185
109544
111823
109544
109863
109544
109544
112506
112506
109544
108913
109544
112506
109544
198304
109544
111105
109544
109541
109544
109544
113258
109540
109544
109561
109544
109544
112711
109538
109544
109544
111577
109544
116125
109544
109180
109544
128670
109544
112105
109544
117342
108258
109544
109544
114991
120150
109544
109544
116162
109544
112620
109544
112124
109544
112062
109544
120832
109544
112534
109544
112052
109544
116539
109544
111447
109535
109544
109959
109544
108403
109544
109544
124861
115119
109544
110290
109544
108276
109544
121411
109544
107880
109544
113258
109544
117577
109544
117577
109544
109544
117577
109544
117577
109552
109544
114580
109544
109544
114580
116115
109544
116115
109544
111495
109544
108404
109544
108621
109544
113255
109544
119626
109544
109544
119626
109544
121775
109544
114908
121775
109544
114908
109544
107434
109544
107169
109544
107141
109544
111590
109544
113363
109544
115015
109544
111528
109544
109552
109544
128105
109544
122917
109544
129005
109544
127352
109544
117403
109544
128220
109544
122539
109544
127352
109544
113885
109544
112347
109544
109883
109544
107506
109544
109544
107067
107049
109544
109544
107049
112448
109544
115252
109544
107049
109544
112644
109544
111831
109544
111831
109544
109544
111831
20526
109544
111830
109544
115330
109544
109544
108403
109544
116162
116162
109544
107049
109544
114907
109544
114907
109544
109544
113117
109544
113116
109544
112347
109544
116162
109544
115563
115563
109544
110114
109544
109338
109544
108276
109544
109544
116162
109544
109569
109544
112644
109544
112910
109544
112347
112480
109544
109544
107506
115563
109544
109928
109544
113269
109544
117654
109544
117003
109544
116256
109544
111105
109544
109544
111902
111902
109544
107463
109544
117248
109544
109530
109544
109544
106931
117343
109544
109535
109544
109542
109544
125001
109544
112111
109544
109544
123105
109544
114134
113692
109544
112039
109544
112038
109544
112037
109544
119707
109544
115563
109544
116556
109544
107587
109544
119923
109544
695095
109544
109544
114908
109544
116022
109544
114907
109544
109538
109544
114906
109544
115360
109544
117548
109544
116839
109544
108834
109544
109540
109544
116500
109544
117168
109544
115780
109544
113603
109544
112644
109544
109534
109544
115563
109544
120150
109544
106772
109544
115582
109544
114991
109544
125404
115869
109544
109544
114908
109544
116022
109544
114907
109544
109538
109544
114906
109544
115360
109544
117548
109544
116839
109544
108834
109544
109540
109544
116500
109544
117168
109544
115780
109544
113603
109544
112644
109544
109534
109544
115563
109544
120150
109544
106772
109544
115582
109544
114991
109544
125404
112657
109544
110358
109544
106823
109544
112666
109544
125412
109544
107427
109544
107460
109544
116360
109544
120445
109544
110150
109544
113010
109544
113134
109544
116055
109544
115695
109544
118078
109544
115563
109544
113010
109544
114664
109544
108797
109544
115563
109544
109544
115563
107049
109544
109544
114561
109544
114907
109544
115738
109544
117168
125903
109544
114265
109544
112506
109544
108276
109544
110336
109544
115563
109544
112497
109544
119603
109544
109544
107049
570168
109544
108153
109544
117168
109544
121775
109544
115254
109544
125824
109544
117397
109544
116518
109544
116166
109544
115938
109544
121428
109544
121023
109544
122743
109544
123825
109544
122327
109544
119037
109544
127352
109544
120265
109544
116551
109544
106820
109544
121520
109544
109968
109544
127277
109544
123030
109544
107948
109544
124714
109544
112113
109544
109420
109544
120765
109544
109544
126103
109544
114908
109544
120675
109544
116263
109544
122105
109544
116908
109544
117946
109544
108187
109544
108517
109544
108868
109544
109425
109544
109540
109544
116500
121897
109544
107243
109544
107764
109544
109534
109544
115582
109544
119699
109544
120150
109544
123047
109544
111597
109544
123210
109544
109552
109544
109558
109544
109541
109544
109545
109544
109547
109544
117939
109544
112094
109544
114900
109544
109544
116022
109544
115782
109544
110187
109544
110748
109544
117068
109544
112049
109544
112105
109544
116162
109544
128444
125700
109544
110969
109544
119699
109544
111700
109544
106962
109544
111700
109544
129286
109544
115846
109544
119524
109544
109541
109544
113117
109544
114874
109544
114907
109544
115432
109544
115972
109544
116883
109544
120288
109544
125225
109544
202582
109544
204163
109544
229449
109544
108276
109544
108276
109544
109624
109544
109544
132764
113800
109544
120641
109544
120641
109544
112388
109544
107798
109544
128686
109544
115563
109544
115563
109544
115563
109544
110339
109544
110342
109544
109579
109544
109544
109579
109579
109544
107461
109544
201048
109544
116597
109544
107424
109544
115563
109544
109943
109544
120751
109544
108276
109544
108377
109544
112361
109544
124390
109544
108406
109544
116312
109544
123000
109544
111456
109544
125407
109544
116466
109544
110846
109544
107506
109544
109544
113010
113010
109544
109544
109552
115846
109544
122724
109544
116751
109544
117304
109544
117304
109544
115563
109544
111921
109544
122559
109544
107434
109544
109959
109544
108276
109544
109531
109544
109544
119076
120458
109544
109544
109530
127352
109544
109544
106545
109544
117548
127277
109544
111196
109544
109544
116908
109544
108853
120889
109544
109544
118084
109544
113826
119246
109544
121265
109544
109544
136808
109544
116852
109544
112768
109544
117168
109544
122282
125404
109544
109544
108347
109544
112607
107954
109544
109544
115723
109544
116178
125867
109544
109544
111283
125492
109544
109544
109538
129210
109544
109544
123134
109544
122506
115580
109544
109544
109293
109953
109544
119155
109544
109544
109290
109544
116146
109544
110308
116193
109544
114127
109544
121886
109544
113855
109544
109544
109319
109031
109544
109824
109544
121187
109544
125481
109544
107838
109544
109968
109544
122660
109544
124335
109544
123171
109544
109544
109264
570168
109544
127189
109544
131091
109544
111609
109544
109544
114516
114128
109544
127041
109544
106898
109544
109544
111591
109544
120219
109544
115717
107665
109544
109544
122403
109544
108336
109544
115137
109544
116802
121775
109544
123169
109544
108938
109544
109544
111503
131928
109544
118959
109544
123825
109544
122496
109544
117397
109544
109544
121570
108153
109544
125824
109544
120368
109544
107272
109544
125432
109544
131564
109544
123030
109544
133813
109544
128571
109544
126451
109544
122963
109544
127321
109544
127982
109544
115570
109544
120725
109544
130451
109544
112317
109544
125620
109544
106820
109544
121454
109544
108352
109544
115790
109544
119356
109544
115653
109544
123831
109544
109544
122133
120387
109544
122886
109544
111555
109544
109544
113971
114929
109544
121224
109544
110922
109544
115254
109544
124783
109544
130863
109544
109091
109544
119037
109544
127291
109544
109951
109544
123079
109544
122796
109544
109544
108585
109544
106956
109544
107861
120265
109544
114959
109544
121520
109544
127014
109544
109586
109544
119269
109544
107058
109544
107837
109544
109544
106715
111422
109544
111471
109544
126503
109544
111711
109544
124695
109544
124400
109544
120299
109544
109544
108071
120833
109544
108459
109544
108977
109544
115873
109544
129767
109544
123062
109544
116551
109544
125428
109544
126645
109544
127118
109544
107453
109544
132915
109544
115286
109544
124278
109544
122327
109544
118085
109544
107540
109544
109544
113583
119419
109544
114486
109544
124832
109544
109544
116200
116200
109544
116200
109544
109544
112550
109544
110687
109544
108472
109544
113010
109544
107049
109544
112530
127352
109544
107920
109544
123664
109544
108347
109544
109544
110114
109544
108347
109544
107777
110114
109544
123207
109544
113500
109544
113500
109544
118150
109544
108403
109544
108403
109544
117025
109544
115563
109544
107140
109544
110620
109544
126496
109544
115872
109544
112423
109544
119006
109544
109544
119006
32805
109544
115330
109544
110433
109544
