9046
51726
51726
7917
51726
5764
51726
197131
51726
339
7014
51726
25913
51726
192670
51726
10014
51726
2885
51726
51726
56893
51726
161742
51726
26009
51726
80321
51726
10589
51726
8664
51726
2146
51726
55139
51726
23317
51726
23564
51726
197131
51726
1291
51726
375484
51726
7917
51726
1400
51726
5764
51726
27131
51726
11124
1994
51726
8452
51726
51726
4125
51726
1891
51726
2052
51726
4860
51726
6240
133686
51726
307
51726
51726
4723
51726
51035
51726
53
51726
1777
2099
51726
22976
51726
22976
51726
8518
51726
10956
51726
4609
51726
124512
51726
155971
51726
64210
51726
79885
51726
154
51726
26270
51726
51726
23603
51726
64093
3309
51726
26523
51726
7415
51726
2882
51726
255738
51726
9820
51726
1956
51726
51726
3309
3611
51726
23753
51726
51726
3309
51726
9475
51726
80224
51726
253512
51726
6388
51726
7277
51726
7846
51726
347688
51726
445571
51726
375484
51726
51097
51726
283219
51726
79866
3309
51726
10525
51726
51726
3312
4914
51726
51726
3312
51726
3303
79867
51726
26123
51726
79600
51726
7283
51726
51512
51726
18000
51726
53860
51726
51726
3309
2065
51726
5798
51726
9475
51726
51726
283219
51726
51097
51726
445571
51726
375484
23753
51726
51726
7277
51726
80224
51726
3309
51726
79866
51726
347688
51726
253512
51726
7846
6388
51726
11099
51726
5800
51726
1540
51726
6389
51726
4961511
51726
673
51726
