855561
854168
854038
854168
854168
852434
854168
854038
855836
854168
855224
854168
854038
854168
854168
850329
854168
854168
856607
854168
850554
854168
852755
854168
851223
854168
852230
854168
852372
854168
852560
854168
2732686
854168
850456
854168
851386
854168
851426
854168
851458
854168
851557
854168
851686
854168
851770
854168
851869
854168
851886
854168
851931
854168
852090
854168
852149
854168
856675
854168
856817
854168
856901
854168
852655
854168
852688
854168
852864
854168
852879
854168
853095
854168
854763
854168
854765
854168
853273
854168
853318
854168
853888
854168
853890
854168
853941
854168
850672
854168
850636
854168
850767
854168
850973
854168
854904
854168
855401
854168
855687
854168
854332
854168
854391
854168
854423
854168
854488
854168
854504
854168
855931
854168
855973
854168
856081
854168
856141
854168
854168
854335
854168
854038
854168
855998
854168
852467
854168
851751
854168
854335
854168
854038
854038
854168
850554
854168
853418
854168
854168
856817
853890
854168
856817
854168
854168
853890
854142
854168
852586
854168
854168
854142
854168
852586
854335
854168
854038
854168
854168
850973
854168
855224
854168
851259
854168
850633
854168
855725
854168
852434
854168
854745
851458
854168
855466
854168
850633
854168
854168
850633
854168
851259
854168
851259
854168
854335
854168
854038
854168
852434
854168
854038
854168
854038
854168
854038
851458
854168
856355
854168
853866
854168
853870
854168
850654
854168
850780
854168
850890
854168
850900
854168
850943
854168
850966
854168
855048
854168
855114
854168
855338
854168
855687
854168
855552
854168
855787
854168
854087
854168
854073
854168
854042
854168
854380
854168
854391
854168
854508
854168
856135
854168
854168
850973
854168
851259
854168
855224
854168
855998
854168
850633
854335
854168
854038
854168
855224
854168
855836
854168
854168
851259
854168
850636
854168
855224
854168
850633
854168
855661
854168
854038
854168
854038
854168
854038
854168
854168
854168
854038
854168
854038
856817
854168
852864
854168
851458
854168
854335
854168
854038
854168
854168
851752
854168
854168
854168
851752
854168
854038
856351
854168
854168
854038
853834
854168
856200
854168
850647
854168
853647
854168
856081
854168
855256
854168
854168
854038
852434
854168
854168
852434
855661
854168
855512
854168
7316
854168
854168
3308
851458
854168
855450
854168
854168
856354
851482
854168
851030
854168
850633
854168
851309
854168
852500
854168
851887
854168
856675
854168
856807
854168
856817
854168
854778
854168
854910
854168
855238
854168
854168
852408
854168
851366
854168
851740
854168
852864
854168
855322
852230
854168
852169
854168
852338
854168
852372
854168
852556
854168
852559
854168
851634
854168
851770
854168
851886
854168
852079
854168
852109
854168
856901
854168
850504
854168
852862
854168
853017
854168
856470
854168
854813
854168
854763
854168
850628
854168
850767
854168
850973
854168
851033
854168
851150
854168
854898
854168
854866
854168
855237
854168
855310
854168
855621
854168
855549
854168
855540
854168
855760
854168
855779
854168
854423
854168
854504
854168
856011
854168
855884
854168
856220
854168
856228
854168
854168
852230
854168
852556
854168
851770
854168
851833
854168
851886
854168
856901
854168
850505
854168
852740
854168
856398
854168
854763
854168
850973
854168
854898
854168
854866
854168
855237
854168
855342
854168
855760
854168
856011
854168
856203
851223
854168
851246
854168
852325
854168
852480
854168
852585
854168
852586
854168
850438
854168
850456
854168
851492
854168
851491
854168
851481
854168
851458
854168
851386
854168
851686
854168
851692
854168
851760
854168
852090
854168
852095
854168
852149
854168
856859
854168
856898
854168
852879
854168
852785
854168
852688
854168
852657
854168
852978
854168
853095
854168
853129
854168
856498
854168
856552
854168
854785
854168
854734
854168
854709
854168
853383
854168
853351
854168
853609
854168
853755
854168
853888
854168
853890
854168
853941
854168
850651
854168
850754
854168
1466409
854168
854904
854168
854930
854168
855122
854168
855315
854168
855337
854168
855687
854168
855676
854168
855661
854168
855401
854168
854168
852254
854168
852416
854168
852438
854168
852469
854168
852516
854168
852586
854168
850325
854168
850367
854168
851562
854168
851478
854168
851445
854168
851336
854168
851646
854168
851656
854168
851686
854168
851875
854168
851996
854168
852080
854168
852090
854168
856882
854168
856895
854168
852879
854168
852854
854168
852826
854168
852741
854168
852679
854168
852654
854168
853058
854168
854809
854168
854770
854168
854753
854168
854841
854168
854860
854168
853423
854168
853523
854168
853876
854168
853890
854168
853967
854168
853969
854168
850658
854168
850621
854168
850754
854168
850762
854168
850886
854168
850924
854168
850940
854168
851034
854168
854952
854168
854904
854168
855035
854168
855067
854168
855178
854168
855315
854168
855687
854168
855676
854168
855787
854168
854391
854168
854480
854168
854488
854168
854538
854168
855978
854168
856270
854488
854168
854498
854168
855973
854168
855959
854168
855849
854168
856159
854168
856233
854168
851707
854168
852068
854168
853551
854168
854168
854038
851441
854168
854168
10551
854168
147872
854373
854168
850633
854168
851686
854168
856403
854168
856595
854168
855687
854168
855676
854168
851740
854168
851802
854168
851905
854168
852047
854168
850519
854168
852740
854168
853319
854168
851181
854168
855394
854168
850612
854168
851459
854168
851410
854168
855026
854168
853201
854168
854997
854168
