6449
6696
6449
50848
5552
6449
6449
30008
4832
6449
2882
6449
6449
114897
6449
84888
6449
6860
2202
6449
3537
6449
2690
6449
6449
2690
2690
6449
6449
5217
6449
5764
3308
6449
6449
3320
8266
6449
91445
6449
7316
6449
5507
6449
6696
6449
6449
3312
6449
3308
6449
7917
10421
6449
10768
6449
25804
6449
5255
6449
10815
6449
159
6449
6449
23137
11034
6449
5198
6449
10484
6449
8942
6449
8266
6449
8266
6449
6449
7917
6449
8266
8266
6449
7917
6449
8266
6449
6449
3312
6449
7917
6449
8266
7917
6449
8266
6449
854038
6449
10952
6449
24468
6449
3312
6449
3661
6449
3663
6449
3326
6449
6449
6696
712
6449
3312
6449
3576
6449
3661
6449
3663
6449
4267
6449
5764
6449
6449
7132
8554
6449
10482
6449
11345
6449
83596
6449
6449
60496
6449
10449
6449
829
6449
830
6449
1488
6449
10072
6449
8836
6449
3098
6449
26986
6449
5111
6449
11235
2664
6449
6449
9319
6449
7205
6449
7529
6449
9532
6449
8266
6449
51608
6449
439
6449
7917
6449
54788
6449
22824
6449
9532
6449
8266
6449
51608
6449
439
6449
7917
6449
54788
6449
22824
10952
6449
27230
6449
974
6449
1013
6449
1278
6449
1296
6449
1435
6449
1469
6449
1514
6449
2202
6449
2695
6449
2896
6449
2993
6449
3535
6449
3537
6449
3853
6449
3895
6449
3904
6449
4477
6449
4832
6449
5054
6449
5479
6449
5480
6449
5552
6449
5920
6449
6184
6449
6385
6449
6442
6449
6449
6590
6449
6649
6449
6696
6449
6782
6449
6860
6449
7033
6449
7037
6449
7039
6449
7380
6449
7432
6449
7917
6449
9370
6449
23208
6449
23495
6449
27040
6449
30008
6449
50848
6449
51060
6449
51083
6449
51661
6449
53822
6449
54838
6449
55194
6449
55739
6449
56005
6449
56144
6449
57045
6449
57228
6449
57326
6449
79089
6449
79669
6449
81608
6449
84888
6449
114897
6449
114904
6449
118471
6449
121506
6449
124220
6449
134288
6449
147872
6449
150771
6449
155465
6449
203562
6449
222894
6449
653808
6449
8266
8266
6449
6449
8266
6449
7917
6449
7917
7917
6449
6449
2908
6449
5241
6449
3308
6449
3320
6449
7917
6449
856821
6449
51608
6449
1491
6449
51690
6449
90411
8454
6449
5718
6449
114904
6449
134288
6449
150771
6449
2202
6449
23208
6449
50848
6449
55739
6449
6442
6449
6449
6782
6449
79089
56436
6449
56436
6449
6449
56436
6449
56436
56436
6449
10213
6449
6449
11047
6449
7917
7917
6449
7706
6449
894
6449
851898
6449
852223
6449
854644
6449
852973
6449
851366
6449
856191
6449
853383
6449
853702
6449
851004
6449
854871
6449
852124
6449
855143
6449
3191
6449
