852422
851767
854294
851767
852422
851767
851767
852422
851767
851369
852248
851767
851542
851767
852825
851767
853033
851767
853061
851767
853093
851767
854771
851767
853536
851767
853866
851767
850767
851767
850973
851767
851005
851767
851064
851767
855091
851767
855315
851767
855372
851767
855676
851767
855687
851767
854204
851767
854420
851767
855878
851767
853077
851767
852322
851767
856351
851767
850647
851767
853133
851767
856155
851767
856716
851767
855204
851767
854345
851767
851767
850325
851767
850367
851767
851478
851767
852763
851767
853546
851767
850650
851767
850745
851767
850810
851767
851055
851767
851100
851767
855699
851767
855652
851767
855739
853382
851767
852317
851767
851450
851767
851334
851767
852825
851767
852645
851767
853166
851767
853194
851767
854813
851767
854829
851767
853555
851767
853638
851767
850676
851767
850713
851767
850716
851767
850767
851767
850892
851767
850973
851767
851014
851767
854866
851767
855237
851767
855573
851767
855540
851767
855760
851767
854213
851767
856029
851767
855884
851767
856220
851767
856223
851767
851767
852344
851767
851561
851767
851548
851767
851532
851767
851516
851767
851450
851767
852013
851767
852885
851767
855310
851767
856218
852329
851767
852408
851767
852464
851767
850351
851767
850447
851767
850456
851767
851348
851767
851767
852214
851767
852197
851767
852196
851767
852314
851767
852329
851767
852365
851767
852408
851767
852436
851767
852466
851767
852548
851767
852586
851767
850347
851767
850297
851767
850453
851767
851542
851767
851483
851767
851458
851767
851430
851767
851374
851767
851337
851767
851333
851767
851307
851767
851959
851767
851996
851767
852030
851767
852038
851767
852101
851767
856791
851767
856802
851767
856813
851767
856868
851767
856910
851767
850510
851767
850498
851767
850559
851767
852879
851767
852869
851767
852864
851767
852848
851767
852826
851767
852799
851767
852660
851767
852615
851767
852984
851767
853002
851767
853015
851767
853061
851767
856362
851767
856354
851767
856596
851767
854653
851767
854817
851767
854834
851767
853453
851767
853377
851767
853326
851767
853262
851767
853226
851767
853490
851767
853495
851767
853537
851767
853550
851767
853560
851767
853563
851767
853597
851767
853818
851767
853721
851767
853718
851767
853668
851767
850621
851767
850620
851767
850619
851767
850678
851767
850702
851767
850728
851767
850736
851767
850754
851767
850773
851767
850887
851767
850953
851767
850966
851767
851059
851767
854904
851767
854893
851767
855202
851767
855203
851767
855221
851767
855227
851767
855298
851767
855315
851767
855322
851767
855364
851767
855710
851767
855687
851767
855643
851767
855607
851767
855581
851767
855787
851767
854090
851767
854073
851767
854273
851767
854368
851767
854395
851767
854416
851767
854420
851767
854444
851767
854545
851767
856093
851767
856036
851767
855875
851767
856135
851767
856212
852081
851767
856722
851767
856817
851767
850527
851767
850511
851767
850601
851767
852879
851767
852864
851767
852730
851767
852615
851767
853061
851767
853093
851767
856366
851767
856351
851767
856423
851767
854795
851767
854771
851767
853383
851767
853489
851767
853536
851767
853569
851767
853930
851767
850728
851767
850754
851767
850779
851767
850861
851767
850966
851767
851064
851767
851110
851767
851120
851767
851171
851767
855051
851767
855221
851767
855315
851767
855363
851767
855687
851767
855676
851767
855669
851767
855645
851767
855644
851767
855587
851767
855552
851767
854090
851767
854204
851767
854225
851767
854318
851767
854420
851767
854489
851767
856036
851767
855878
851767
852068
851767
852547
851767
851394
851767
851212
851767
855897
851767
851394
851767
850351
851767
856911
851767
855569
851767
852047
851767
851014
851767
850705
851767
853537
851767
850612
851767
851459
851767
852740
851767
854335
851767
853589
851767
855676
851767
