8266
439
773
439
7083
439
7276
439
5201
439
51465
439
10952
439
439
29927
439
6844
439
6811
8266
439
7917
439
3692
439
3312
439
5917
439
10856
439
439
203068
9217
439
9217
439
11124
439
439
9217
11124
439
439
7316
439
7917
439
11124
439
8862
439
6779
439
10952
6449
439
6449
439
10075
439
439
444
439
2882
439
29923
9820
439
51608
439
55658
439
3300
439
5689
439
5690
439
5691
439
5693
439
5694
439
6894
439
439
5683
439
5685
4914
439
439
51608
51792
439
67604
439
55611
439
7917
439
819
439
439
7485
439
163033
439
79058
439
53343
894
439
851898
439
